-0.001799	1.0386e-010	8.544384e-005	6.18649e-011	7.8654243369319e-006
-0.019297	-1.572204e-010	-0.024965	5.361478e-011	7.3222114145933e-006
-0.045274	-1.013758e-010	-0.050114	5.304179e-011	7.2829794727158e-006
-0.069406	-1.086595e-010	-0.075297	4.848318e-011	6.9629864282505e-006
-0.094316	-5.159995e-011	-0.100077	5.168281e-011	7.189075740316e-006
-0.117722	1.35369e-010	-0.125235	5.32446e-011	7.2968897483791e-006
-0.14406	-1.984995e-010	-0.150076	2.820521e-011	5.3108577461649e-006
-0.163165	1.972807e-010	-0.175216	3.60243e-011	6.0020246583965e-006
-0.194152	1.596472e-010	-0.200033	-1.873034e-010	1.3685883237848e-005
-0.219692	-9.53044e-011	-0.225202	3.672913e-011	6.0604562534516e-006
-0.2447	-8.80197e-011	-0.250014	5.172843e-011	7.1922479100765e-006
-0.269565	-8.923258e-011	-0.275175	5.554163e-011	7.4526257117878e-006
-0.294616	-8.801999e-011	-0.300348	5.039483e-011	7.0989316097565e-006
-0.319641	-1.074458e-010	-0.325186	5.487737e-011	7.4079261605391e-006
-0.344356	-9.409145e-011	-0.350316	5.199716e-011	7.2109056296695e-006
-0.369462	-1.038033e-010	-0.375155	7.60528e-011	8.7208256489853e-006
-0.394713	-1.062312e-010	-0.400326	5.166248e-011	7.1876616503561e-006
-0.419329	-9.409117e-011	-0.425127	5.158135e-011	7.1820157337617e-006
-0.444201	-8.559099e-011	-0.450253	5.51106e-011	7.4236513926773e-006
-0.470238	-1.875727e-010	-0.475058	5.711356e-011	7.5573513878872e-006
-0.494504	-1.37797e-010	-0.500252	5.467957e-011	7.3945635435771e-006
-0.520415	-2.774094e-010	-0.52539	5.221518e-011	7.2260071962322e-006
-0.544528	-8.923565e-011	-0.550196	5.24586e-011	7.2428309382451e-006
-0.570673	-9.288422e-011	-0.575368	5.108948e-011	7.1476905361102e-006
-0.587582	7.230416e-011	-0.600176	5.160671e-011	7.1837810378658e-006
-0.619348	-9.652028e-011	-0.625295	4.979644e-011	7.0566592662534e-006
-0.64443	-5.888945e-011	-0.650151	5.510044e-011	7.4229670617618e-006
-0.668335	-9.044809e-011	-0.675292	5.4066e-011	7.3529585882147e-006
-0.693643	-4.9173e-011	-0.700107	5.570894e-011	7.4638421741085e-006
-0.718662	-6.010443e-011	-0.725261	5.990752e-011	7.7399948320396e-006
-0.744024	-5.888802e-011	-0.750426	-9.617897e-013	9.807087743056e-007
-0.768422	2.166987e-010	-0.775216	4.423888e-011	6.6512314649244e-006
-0.793834	-2.732145e-011	-0.800367	6.452694e-011	8.0328662381494e-006
-0.819179	-8.923623e-011	-0.825203	4.876197e-011	6.9829771587769e-006
-0.844395	-4.43225e-011	-0.850347	4.173392e-011	6.4601795640679e-006
-0.868624	-1.390109e-010	-0.875158	5.858401e-011	7.65401920562e-006
-0.893799	-9.04531e-011	-0.900303	5.246362e-011	7.243177479532e-006
-0.919323	-1.123039e-010	-0.925158	5.833047e-011	7.6374387067917e-006
-0.943737	-7.345516e-011	-0.95031	4.586152e-011	6.7721134072016e-006
-0.969154	-1.135184e-010	-0.975144	4.407152e-011	6.6386384146149e-006
-0.994551	8.071616e-011	-1.000315	4.756528e-011	6.8967586589644e-006
-1.018655	6.008918e-011	-1.025458	3.585691e-011	5.9880639609142e-006
-1.044	-1.13516e-010	-1.05027	1.826647e-011	4.2739291056357e-006
-1.069146	-1.171584e-010	-1.075439	-1.38618e-011	3.723143832838e-006
-1.093868	-1.171591e-010	-1.10025	-6.606076e-011	8.1277770638718e-006
-1.114061	1.244441e-010	-1.125367	-1.627444e-010	1.2757131338981e-005
-1.146138	-3.648392e-010	-1.150179	-3.400672e-010	1.8440911040401e-005
-1.16777	-2.246732e-011	-1.175348	-6.769033e-010	2.6017365354701e-005
-1.193595	-9.773819e-011	-1.20017	-1.31197e-009	3.622112643196e-005
-1.219066	-1.28088e-010	-1.225322	-2.490308e-009	4.990298588261e-005
-1.243328	7.706727e-011	-1.250491	-4.785964e-009	6.9180662037885e-005
-1.268988	-1.438684e-010	-1.275298	-9.190268e-009	9.5865885485922e-005
-1.293476	-1.426542e-010	-1.300457	-1.751838e-008	0.00013235701719214
-1.318701	-7.710543e-011	-1.325317	-3.292183e-008	0.00018144373783628
-1.343038	-6.693007e-012	-1.350473	-6.242028e-008	0.00024984050912532
-1.368483	-4.675066e-011	-1.375297	-1.170226e-007	0.00034208566178663
-1.393709	-5.889374e-011	-1.400463	-2.14839e-007	0.0004635072814962
-1.418654	-1.123058e-010	-1.425334	-3.888644e-007	0.00062358992936063
-1.444004	-1.074508e-010	-1.450541	-6.834588e-007	0.00082671567059056
-1.468897	-1.195904e-010	-1.475559	-1.146306e-006	0.0010706568077587
-1.494125	-1.317293e-010	-1.500406	-1.863461e-006	0.0013650864441492
-1.519266	-1.195905e-010	-1.525564	-2.890199e-006	0.0017000585284042
-1.544009	-1.268737e-010	-1.550412	-4.269282e-006	0.0020662240923966
-1.567008	-1.122935e-010	-1.575587	-6.080294e-006	0.0024658252168392
-1.593962	-1.948539e-010	-1.600487	-8.35082e-006	0.0028897785382275
-1.618462	-2.713339e-010	-1.625494	-1.103981e-005	0.0033226209534041
-1.645068	-8.317445e-011	-1.650323	-1.428038e-005	0.0037789390045355
-1.668119	-1.64028e-011	-1.675508	-1.803647e-005	0.0042469365429684
-1.694098	-5.890008e-011	-1.700657	-2.224895e-005	0.0047168792649378
-1.719228	-8.924497e-011	-1.725477	-2.70315e-005	0.0051991826280676
-1.743475	-1.05022e-010	-1.750659	-3.234688e-005	0.0056874317578324
-1.769341	-1.17163e-010	-1.77549	-3.81025e-005	0.0061727222519728
-1.79456	-1.098791e-010	-1.80062	-4.444141e-005	0.0066664390794486
-1.819981	4.315083e-010	-1.825454	-5.130729e-005	0.0071629107212082
-1.84463	-1.062385e-010	-1.850641	-5.859197e-005	0.0076545391762013
-1.870739	-1.608633e-010	-1.875449	-6.647953e-005	0.0081534980223215
-1.894843	-1.123076e-010	-1.900621	-7.489121e-005	0.0086539707649148
-1.919947	-1.135214e-010	-1.92581	-8.369095e-005	0.0091482757938313
-1.94612	-1.814988e-010	-1.950643	-9.30814e-005	0.0096478702312998
-1.969641	-9.167214e-011	-1.975774	-0.000103	0.010148891565092
-1.994323	-1.038103e-010	-2.000385	-0.000113	0.010630145812735
-2.019724	-1.001684e-010	-2.025567	-0.000124	0.01113552872566
-2.044492	-8.802917e-011	-2.050373	-0.000135	0.011618950038622
-2.069715	-1.013828e-010	-2.07552	-0.000147	0.012124355652982
-2.095026	-1.584358e-010	-2.10036	-0.000159	0.012609520212918
-2.120013	-1.183799e-010	-2.125489	-0.000172	0.013114877048604
-2.144161	-1.14738e-010	-2.150291	-0.000185	0.013601470508735
-2.169795	-9.046142e-011	-2.17547	-0.000199	0.014106735979666
-2.194852	-1.26877e-010	-2.200621	-0.000213	0.014594519519326
-2.220213	-1.305177e-010	-2.22543	-0.000228	0.015099668870542
-2.244306	-5.403634e-011	-2.250574	-0.000243	0.01558845726812
-2.270075	-1.147384e-010	-2.275414	-0.000258	0.016062378404209
-2.294982	-7.467958e-011	-2.300581	-0.000274	0.016552945357247
-2.320393	-1.280901e-010	-2.325413	-0.000291	0.017058722109232
-2.345388	-1.074558e-010	-2.350577	-0.000308	0.017549928774784
-2.369894	-9.410127e-011	-2.375396	-0.000325	0.01802775637732
-2.395435	-1.183797e-010	-2.400538	-0.000343	0.018520259177452
-2.419899	-7.104182e-011	-2.425672	-0.000361	0.019
-2.445568	-2.491936e-011	-2.450525	-0.000379	0.019467922333932
-2.470783	-1.475115e-010	-2.475636	-0.000398	0.01994993734326
-2.495658	-1.001744e-010	-2.500479	-0.000418	0.020445048300261
-2.520499	-1.645049e-010	-2.525641	-0.000438	0.020928449536456
-2.546432	-8.92556e-011	-2.550458	-0.000458	0.021400934559033
-2.570328	-1.135259e-010	-2.575616	-0.000478	0.021863211109075
-2.59585	-1.18383e-010	-2.600438	-0.000499	0.022338307903689
-2.620208	-1.156386e-011	-2.625579	-0.000521	0.022825424421027
-2.645307	-8.560672e-011	-2.650768	-0.000543	0.023302360395462
-2.670296	-6.254656e-011	-2.675581	-0.000565	0.023769728648009
-2.695138	-7.953698e-011	-2.700756	-0.000588	0.024248711305964
-2.722019	-1.584366e-010	-2.725581	-0.000611	0.024718414188617
-2.745542	-7.347154e-011	-2.750745	-0.000634	0.025179356624028
-2.772096	-1.814984e-010	-2.775571	-0.000658	0.025651510676761
-2.80054	-2.166824e-010	-2.80072	-0.000682	0.026115129714401
-2.821037	9.766701e-011	-2.825514	-0.000707	0.026589471600617
-2.845625	-6.376288e-011	-2.850704	-0.000732	0.027055498516937
-2.869509	-9.167807e-011	-2.875856	-0.000757	0.027513632984395
-2.894429	-6.740115e-011	-2.900666	-0.000783	0.027982137159266
-2.920952	-1.341621e-010	-2.925822	-0.000809	0.028442925306656
-2.946503	-1.802838e-010	-2.950666	-0.000835	0.0288963665536
-2.970225	-1.001728e-010	-2.975798	-0.000862	0.029359836511806
-2.995538	-1.645049e-010	-3.000657	-0.000889	0.029816103031751

