[0, 0, 0]
Voltage_1 (1)	Current_1 (1)	Voltage_2 (1)	Current_2 (1)	square
-0.007578	-2.105855e-009	0.000499	3.584759e-009	5.9872856955385e-005
-0.02215	-2.348524e-009	-0.024649	2.222179e-009	4.7139993635978e-005
-0.048865	-1.620517e-009	-0.050301	2.151132e-009	4.638029754109e-005
-0.073152	-1.741852e-009	-0.075451	2.181634e-009	4.6707965059506e-005
-0.099867	-2.105855e-009	-0.099885	2.358842e-009	4.8567911217181e-005
-0.126582	-1.256514e-009	-0.125339	3.442976e-009	5.867687789922e-005
-0.153297	-1.741852e-009	-0.150181	1.97895e-009	4.4485390860371e-005
-0.175189	-2.348947e-009	-0.175531	-5.843381e-010	2.4173086273788e-005
-0.20187	-4.071736e-010	-0.200171	3.113675e-009	5.580031361919e-005
-0.226157	-1.863186e-009	-0.225118	7.631869e-010	2.7625837543865e-005
-0.248015	-2.105855e-009	-0.250158	-3.173032e-009	5.6329672464874e-005
-0.269925	2.141146e-009	-0.275116	-4.425063e-010	2.1035833712977e-005
-0.294159	-2.858392e-010	-0.30016	3.412665e-009	5.8418019480294e-005
-0.318446	-1.620517e-009	-0.325292	-1.795081e-009	4.2368396240594e-005
-0.34037	8.062954e-010	-0.350242	2.21704e-009	4.7085454229518e-005
-0.367019	-1.377849e-009	-0.3753	2.318431e-009	4.8150088265755e-005
-0.391381	-2.348947e-009	-0.400536	-1.511414e-009	3.8876908313291e-005
-0.418102	3.208953e-010	-0.42527	3.179477e-009	5.6386851304183e-005
-0.444736	-1.620517e-009	-0.45024	1.908109e-009	4.3681907009653e-005
-0.469023	-2.348524e-009	-0.475158	1.0671e-009	3.2666496598197e-005
-0.495834	-1.742157e-009	-0.500414	1.214024e-009	3.4842847185613e-005
-0.520125	-1.742157e-009	-0.525667	-1.318916e-009	3.6316883126171e-005
-0.546846	1.898446e-009	-0.550422	1.041825e-009	3.2277314014645e-005
-0.573566	-1.863515e-009	-0.575252	1.624362e-009	4.0303374548541e-005
-0.60017	-1.741852e-009	-0.60037	-1.050369e-009	3.24093967855e-005
-0.624457	1.048761e-009	-0.625039	-1.060549e-009	3.2566071301279e-005
-0.648744	1.994748e-010	-0.65016	2.607016e-009	5.105894632677e-005
-0.67303	-1.499183e-009	-0.675627	1.710452e-009	4.1357611149582e-005
-0.694888	-1.741852e-009	-0.700064	-1.385307e-010	1.1769906541685e-005
-0.719175	-6.498424e-010	-0.725217	3.650643e-009	6.0420551139492e-005
-0.745745	-2.348101e-009	-0.750447	2.616584e-010	1.6175858555267e-005
-0.770027	-1.498925e-009	-0.775194	2.399367e-009	4.898333390042e-005
-0.792034	-1.499183e-009	-0.799834	2.490549e-009	4.9905400509364e-005
-0.816321	-2.348524e-009	-0.825494	2.667291e-010	1.6331843129298e-005
-0.840607	-8.925112e-010	-0.850039	3.397356e-009	5.8286842426057e-005
-0.867323	-1.984521e-009	-0.875302	8.138452e-010	2.8527972237788e-005
-0.894038	-1.499183e-009	-0.900319	-1.440467e-009	3.7953484688497e-005
-0.920753	1.898046e-009	-0.924872	3.270713e-009	5.7190147752913e-005
-0.94504	-2.105855e-009	-0.95062	3.832401e-010	1.9576519098144e-005
-0.971755	-1.256514e-009	-0.975385	-1.313861e-009	3.6247220583101e-005
-0.99847	2.019373e-009	-1.000228	-2.859011e-009	5.3469720403234e-005
-1.025185	1.994748e-010	-1.025367	-2.251065e-009	4.7445389660113e-005
-1.049472	2.383353e-009	-1.050193	-1.693776e-009	4.1155509959178e-005
-1.073758	6.84781e-010	-1.075468	-2.595576e-009	5.0946795777556e-005
-1.098045	1.534067e-009	-1.100108	-3.051522e-009	5.5240582907859e-005
-1.122332	2.262026e-009	-1.125449	-8.477758e-010	2.9116589772843e-005
-1.146618	-4.317831e-011	-1.150071	-9.997414e-010	3.1618687512292e-005
-1.168476	2.1407e-009	-1.175706	-2.808239e-009	5.299282026841e-005
-1.192763	1.048761e-009	-1.200234	5.959836e-010	2.4412775344069e-005
-1.217049	-1.13518e-009	-1.225135	-6.451396e-010	2.5399598422022e-005
-1.241336	2.019373e-009	-1.25077	-5.427421e-009	7.3671032298998e-005
-1.265622	-2.858392e-010	-1.275116	-5.782086e-009	7.6040028932135e-005
-1.292338	-1.863186e-009	-1.300952	-1.496655e-008	0.00012233785186932
-1.316624	1.898046e-009	-1.325298	-3.312823e-008	0.00018201162050814
-1.34334	-1.013846e-009	-1.350344	-5.939537e-008	0.00024371165339392
-1.370055	-2.469858e-009	-1.375153	-1.140647e-007	0.00033773465916308
-1.394341	4.421279e-010	-1.400154	-2.130096e-007	0.00046152963068475
-1.421057	-1.499183e-009	-1.425582	-3.883146e-007	0.00062314893885812
-1.447772	-2.348524e-009	-1.450616	-6.8549e-007	0.00082794323476915
-1.474487	-1.645049e-010	-1.475417	-1.152777e-006	0.0010736745316901
-1.501202	-4.317831e-011	-1.500099	-1.873349e-006	0.0013687034010333
-1.525489	2.383353e-009	-1.525473	-2.89738e-006	0.0017021692042802
-1.547347	-2.858392e-010	-1.550189	-4.279208e-006	0.0020686246638769
-1.571633	2.383353e-009	-1.575742	-6.094778e-006	0.0024687604176995
-1.59592	-1.377849e-009	-1.599597	-8.374621e-006	0.0028938937437301
-1.619893	-2.226791e-009	-1.625163	-1.107253e-005	0.0033275411342311
-1.644493	1.41274e-009	-1.650182	-1.431147e-005	0.0037830503565245
-1.66878	-1.13518e-009	-1.675565	-1.807358e-005	0.0042513033295685
-1.693066	2.262026e-009	-1.700416	-2.226975e-005	0.0047190835974795
-1.717021	-1.377614e-009	-1.725637	-2.705593e-005	0.0052015315052396
-1.741639	5.634544e-010	-1.750277	-3.239e-005	0.0056912213100529
-1.770441	1.412435e-009	-1.775322	-3.811928e-005	0.0061740813081786
-1.792641	-1.620517e-009	-1.800499	-4.447407e-005	0.0066688882131882
-1.821785	2.262026e-009	-1.825588	-5.131044e-005	0.0071631306005126
-1.848143	-6.497485e-010	-1.850821	-5.862843e-005	0.0076569203992206
-1.874853	-2.469412e-009	-1.875578	-6.650706e-005	0.0081551860800352
-1.899502	1.291414e-009	-1.900365	-7.492646e-005	0.0086560071626588
-1.925845	-1.741547e-009	-1.925785	-8.37395e-005	0.0091509289145966
-1.950127	-8.923703e-010	-1.95073	-9.312155e-005	0.0096499507770765
-1.974409	-4.071267e-010	-1.975946	-0.000103	0.010148891565092
-1.996648	-2.105855e-009	-2.00065	-0.000114	0.010677078252031
-2.020935	-1.620517e-009	-2.025546	-0.000124	0.01113552872566
-2.045222	-8.925112e-010	-2.050202	-0.000135	0.011618950038622
-2.069508	1.898046e-009	-2.075434	-0.000147	0.012124355652982
-2.091366	-1.377849e-009	-2.100699	-0.00016	0.012649110640674
-2.118081	3.208013e-010	-2.125492	-0.000172	0.013114877048604
-2.141953	-2.348101e-009	-2.150318	-0.000185	0.013601470508735
-2.168664	1.291132e-009	-2.175497	-0.000199	0.014106735979666
-2.19337	-1.377849e-009	-2.200649	-0.000213	0.014594519519326
-2.217656	-6.498424e-010	-2.225522	-0.000228	0.015099668870542
-2.244371	1.77672e-009	-2.250622	-0.000243	0.01558845726812
-2.271087	-2.348524e-009	-2.275567	-0.000258	0.016062378404209
-2.297802	2.1407e-009	-2.300641	-0.000274	0.016552945357247
-2.324517	-2.858392e-010	-2.325254	-0.000291	0.017058722109232
-2.348804	-7.711768e-010	-2.350363	-0.000308	0.017549928774784
-2.375519	2.262026e-009	-2.375327	-0.000325	0.01802775637732
-2.397377	-1.013846e-009	-2.400807	-0.000343	0.018520259177452
-2.424092	6.84781e-010	-2.425521	-0.000361	0.019
-2.44595	8.061075e-010	-2.450752	-0.000379	0.019467922333932
-2.470237	-2.22719e-009	-2.475837	-0.000398	0.01994993734326
-2.494523	2.1407e-009	-2.500375	-0.000418	0.020445048300261
-2.51881	2.383353e-009	-2.525705	-0.000438	0.020928449536456
-2.543096	-1.256514e-009	-2.550588	-0.000458	0.021400934559033
-2.567383	-1.013846e-009	-2.575553	-0.000478	0.021863211109075
-2.59167	2.262026e-009	-2.600294	-0.0005	0.022360679774998
-2.618385	-1.013846e-009	-2.625682	-0.000521	0.022825424421027
-2.642671	1.655393e-009	-2.65061	-0.000543	0.023302360395462
-2.669387	8.061075e-010	-2.675735	-0.000565	0.023769728648009
-2.696102	-1.863186e-009	-2.701099	-0.000588	0.024248711305964
-2.724719	2.140254e-009	-2.725509	-0.000611	0.024718414188617
-2.749532	-7.711768e-010	-2.750669	-0.000634	0.025179356624028
-2.773819	-1.863186e-009	-2.775703	-0.000658	0.025651510676761
-2.800534	1.77672e-009	-2.800682	-0.000682	0.026115129714401
-2.824821	-1.620517e-009	-2.825469	-0.000707	0.026589471600617
-2.848556	-4.320178e-011	-2.850695	-0.000732	0.027055498516937
-2.872838	7.81013e-011	-2.87575	-0.000757	0.027513632984395
-2.89712	-2.348101e-009	-2.900663	-0.000783	0.027982137159266
-2.921402	5.633136e-010	-2.926216	-0.000809	0.028442925306656
-2.943255	-6.497485e-010	-2.950599	-0.000835	0.0288963665536
-2.967537	-1.741547e-009	-2.975752	-0.000862	0.029359836511806
-2.992398	2.383353e-009	-3.000947	-0.000889	0.029816103031751

