0.09917428 2.736147e-8
0.1018699 2.914356e-8
0.1041474 3.073012e-8
0.1068169 3.254809e-8
0.1092177 3.435334e-8
0.1117596 3.656911e-8
0.114189 3.881194e-8
0.1166868 4.116241e-8
0.1192065 4.336663e-8
0.1216338 4.598449e-8
0.1242528 4.844399e-8
0.1266778 5.115792e-8
0.1292024 5.382443e-8
0.1317193 5.6827e-8
0.1341928 6.004974e-8
0.1366663 6.323612e-8
0.1391936 6.672798e-8
0.1418315 7.033583e-8
0.1441566 7.401752e-8
0.1467299 7.727803e-8
0.1491491 8.232703e-8
0.1517011 8.709163e-8
0.1541899 9.114503e-8
0.1566662 9.585956e-8
0.159267 1.011093e-7
0.1616161 1.063896e-7
0.1643595 1.120496e-7
0.1666567 1.178e-7
0.1692821 1.238744e-7
0.1717832 1.296318e-7
0.1742257 1.372836e-7
0.1767893 1.443776e-7
0.179221 1.516039e-7
0.1818642 1.59382e-7
0.1842335 1.673716e-7
0.1868281 1.762033e-7
0.1892566 1.851719e-7
0.1917057 1.946216e-7
0.1943283 2.041965e-7
0.1967252 2.151446e-7
0.1993441 2.259754e-7
0.2017486 2.374045e-7
0.2043957 2.495247e-7
0.2067884 2.620178e-7
0.2093103 2.75199e-7
0.2118363 2.895246e-7
0.2142896 3.042142e-7
0.2169044 3.193888e-7
0.2192523 3.355199e-7
0.2219154 3.525712e-7
0.2243576 3.704571e-7
0.2268466 3.889791e-7
0.2293442 4.086665e-7
0.2317844 4.292217e-7
0.2343153 4.507793e-7
0.2367888 4.735682e-7
0.2394562 4.976292e-7
0.2418233 5.225787e-7
0.244403 5.490587e-7
0.2468717 5.76828e-7
0.2493789 6.056973e-7
0.2518912 6.363856e-7
0.254316 6.686844e-7
0.2569884 7.021478e-7
0.2593406 7.376721e-7
0.2619595 7.7505e-7
0.2643499 8.135892e-7
0.2668769 8.546993e-7
0.2694335 8.980696e-7
0.2718237 9.429612e-7
0.274491 9.90703e-7
0.2768621 1.031044e-6
0.279365 1.091715e-6
0.281833 1.145976e-6
0.2844088 1.205028e-6
0.2868766 1.265616e-6
0.2893015 1.32854e-6
0.2919558 1.397116e-6
0.2942481 1.467531e-6
0.2969397 1.540557e-6
0.2992859 1.619879e-6
0.3017592 1.699841e-6
0.3043053 1.786374e-6
0.3068632 1.877727e-6
0.309379 1.972258e-6
0.3117493 2.071898e-6
0.314447 2.178311e-6
0.3167687 2.287562e-6
0.3193389 2.40367e-6
0.3218427 2.526034e-6
0.3242729 2.651727e-6
0.3268863 2.788195e-6
0.3293112 2.932663e-6
0.3318444 3.078717e-6
0.3341964 3.23608e-6
0.3368393 3.40172e-6
0.3392883 3.573931e-6
0.3418299 3.757314e-6
0.3442591 3.949632e-6
0.3467808 4.149836e-6
0.3493267 4.361479e-6
0.351734 4.585869e-6
0.3543839 4.817934e-6
0.3567845 5.06549e-6
0.3592751 5.327607e-6
0.3618696 5.599319e-6
0.3642248 5.885719e-6
0.366896 6.191663e-6
0.3691711 6.505169e-6
0.3719011 6.843272e-6
0.3742288 7.197796e-6
0.3768063 7.567437e-6
0.3793281 7.961644e-6
0.3817624 8.374149e-6
0.3843157 8.805266e-6
0.3867796 9.264327e-6
0.3893107 9.747135e-6
0.3917278 1.021866e-5
0.3943375 1.077211e-5
0.396747 1.133515e-5
0.3992201 1.19192e-5
0.4017505 1.254276e-5
0.404247 1.320268e-5
0.4068094 1.388826e-5
0.4092177 1.462406e-5
0.4118933 1.538808e-5
0.4142289 1.619175e-5
0.4168072 1.704514e-5
0.4193693 1.794391e-5
0.4217861 1.887283e-5
0.4243075 1.986896e-5
0.4267811 2.091345e-5
0.4293833 2.200199e-5
0.4317511 2.316359e-5
0.4343212 2.43862e-5
0.4368355 2.566796e-5
0.439333 2.702149e-5
0.4418705 2.845201e-5
0.4442724 2.993448e-5
0.4469623 3.151769e-5
0.4492987 3.318808e-5
0.4517942 3.491765e-5
0.45434 3.676183e-5
0.4568881 3.871488e-5
0.4593856 4.074214e-5
0.4618831 4.290391e-5
0.4643779 4.516726e-5
0.4667962 4.753309e-5
0.4694604 5.00421e-5
0.4719215 5.269849e-5
0.4742853 5.545336e-5
0.4769072 5.835254e-5
0.4793562 6.14825e-5
0.481917 6.452896e-5
0.4843174 6.764525e-5
0.4869751 7.133108e-5
0.4893216 7.548158e-5
0.4919256 7.944668e-5
0.4944568 8.176755e-5
0.4968867 8.629505e-5
0.4995393 9.048815e-5
